    50   0.000788
   100   0.005866
   150   0.018881
   200   0.044747
   250   0.087649
   300   0.151223
   350   0.241927
   400   0.399504
   450   0.546025
   500   0.779748
   550   1.248582
   600   1.781881
   650   2.455207
   700   3.287764
   750   4.159092
   800   5.168089
   850   6.088683
   900   7.218220
   950   8.331214
  1000   9.979435
  1050  11.691885
  1100  13.430023
  1150  15.077819
  1200  17.575817
  1250  20.030630
  1300  22.556734
  1350  25.489099
  1400  28.622816
  1450  32.032058
  1500  35.681544
  1550  39.382880
  1600  49.301839
  1650  48.306490
  1700  52.995655
  1750  58.746449
  1800  63.232114
  1850  69.136468
  1900  75.749303
  1950  82.090635
  2000  95.022496
