    50   0.000170
   100   0.001310
   150   0.004255
   200   0.010679
   250   0.021297
   300   0.037193
   350   0.059798
   400   0.111410
   450   0.143743
   500   0.226574
   550   0.892330
   600   1.499264
   650   2.385107
   700   3.314485
   750   4.221465
   800   4.960299
   850   6.197791
   900   7.367982
   950   8.385456
  1000  10.192566
  1050  11.837940
  1100  13.590730
  1150  15.198936
  1200  17.581583
  1250  20.407015
  1300  22.777483
  1350  25.939911
  1400  28.739815
  1450  32.023747
  1500  35.671382
  1550  39.352712
  1600  45.532204
  1650  48.044154
  1700  52.684885
  1750  57.960612
  1800  63.295308
  1850  68.999649
  1900  74.872378
  1950  82.357963
  2000  93.281384
