    50   0.000097
   100   0.000839
   150   0.002482
   200   0.006223
   250   0.012184
   300   0.021918
   350   0.036215
   400   0.095701
   450   0.104504
   500   0.181693
   550   0.914665
   600   1.602429
   650   2.571777
   700   3.575371
   750   4.547642
   800   5.237794
   850   6.687332
   900   7.994941
   950   9.154041
  1000  11.085482
  1050  12.885458
  1100  14.950512
  1150  16.738040
  1200  18.900248
  1250  22.433741
  1300  25.330055
  1350  28.572202
  1400  31.972399
  1450  35.832122
  1500  39.799270
  1550  44.393690
  1600  51.069774
  1650  54.290595
  1700  59.336317
  1750  65.171927
  1800  71.570587
  1850  78.223774
  1900  85.073521
  1950  93.298433
  2000 104.766168
