    50   0.000915
   100   0.006642
   150   0.021644
   200   0.050847
   250   0.099864
   300   0.171673
   350   0.272391
   400   0.406737
   450   0.584103
   500   0.797894
   550   1.065275
   600   1.394817
   650   1.762499
   700   2.188717
   750   2.694308
   800   3.274105
   850   3.926276
   900   4.664725
   950   5.480746
  1000   6.369038
  1050   7.409436
  1100   8.469639
  1150   9.665246
  1200  10.973237
  1250  12.489846
  1300  14.045974
  1350  15.712984
  1400  17.440053
  1450  19.425574
  1500  21.532473
  1550  23.679342
  1600  26.071768
  1650  28.720720
  1700  31.185495
  1750  34.214706
  1800  37.180169
  1850  40.603515
  1900  43.621086
  1950  47.406164
  2000  51.072901
