    50   0.000175
   100   0.001163
   150   0.003683
   200   0.008636
   250   0.016498
   300   0.030588
   350   0.044586
   400   0.066724
   450   0.095819
   500   0.133126
   550   0.183153
   600   0.249272
   650   0.301132
   700   0.379725
   750   0.484186
   800   0.570658
   850   0.686929
   900   0.818055
   950   0.927674
  1000   1.119482
  1050   1.273426
  1100   1.435485
  1150   1.674867
  1200   1.862572
  1250   2.130925
  1300   2.419618
  1350   2.835050
  1400   3.129550
  1450   3.308060
  1500   3.667922
  1550   3.994488
  1600   4.405642
  1650   4.814979
  1700   5.342168
  1750   5.915592
  1800   6.306377
  1850   6.889919
  1900   7.353333
  1950   7.912709
  2000   8.597567
