    50   0.000056
   100   0.000438
   150   0.001401
   200   0.003276
   250   0.006882
   300   0.012404
   350   0.019541
   400   0.030225
   450   0.050557
   500   0.069329
   550   0.099785
   600   0.124842
   650   0.167868
   700   0.216581
   750   0.261708
   800   0.312060
   850   0.377845
   900   0.449940
   950   0.564605
  1000   0.652765
  1050   0.714312
  1100   0.813615
  1150   0.924285
  1200   1.033397
  1250   1.199056
  1300   1.340004
  1350   1.620402
  1400   1.871404
  1450   2.016527
  1500   2.224421
  1550   2.543444
  1600   2.656437
  1650   3.012178
  1700   3.265696
  1750   3.607427
  1800   3.896029
  1850   4.216974
  1900   4.589420
  1950   4.995481
  2000   5.336702
