    50   0.000117
   100   0.000499
   150   0.001172
   200   0.002481
   250   0.004544
   300   0.007776
   350   0.011853
   400   0.017439
   450   0.024413
   500   0.032540
   550   0.045242
   600   0.058445
   650   0.072530
   700   0.089461
   750   0.109397
   800   0.134983
   850   0.160515
   900   0.188451
   950   0.220014
  1000   0.257292
  1050   0.301955
  1100   0.344874
  1150   0.391269
  1200   0.445261
  1250   0.501331
  1300   0.568295
  1350   0.639411
  1400   0.704688
  1450   0.781052
  1500   0.861545
  1550   0.957268
  1600   1.048120
  1650   1.156285
  1700   1.251572
  1750   1.355401
  1800   1.507714
  1850   1.614218
  1900   1.774562
  1950   1.893309
  2000   2.046010
