    50   0.000115
   100   0.000540
   150   0.001231
   200   0.002600
   250   0.004503
   300   0.007762
   350   0.011896
   400   0.017383
   450   0.024431
   500   0.032682
   550   0.045219
   600   0.057922
   650   0.072247
   700   0.089285
   750   0.113410
   800   0.134273
   850   0.159719
   900   0.188742
   950   0.219928
  1000   0.257333
  1050   0.301311
  1100   0.343439
  1150   0.392335
  1200   0.446020
  1250   0.501893
  1300   0.568922
  1350   0.671348
  1400   0.705949
  1450   0.777565
  1500   0.854104
  1550   0.957928
  1600   1.050914
  1650   1.145596
  1700   1.262890
  1750   1.365854
  1800   1.496655
  1850   1.644581
  1900   1.748340
  1950   1.882084
  2000   2.042867
