    50   0.000113
   100   0.000459
   150   0.001204
   200   0.002521
   250   0.004614
   300   0.007795
   350   0.011903
   400   0.017378
   450   0.024171
   500   0.032708
   550   0.045289
   600   0.058875
   650   0.072075
   700   0.089048
   750   0.108642
   800   0.134725
   850   0.159783
   900   0.189512
   950   0.221739
  1000   0.259706
  1050   0.306659
  1100   0.343372
  1150   0.392012
  1200   0.447364
  1250   0.501967
  1300   0.565196
  1350   0.654544
  1400   0.722040
  1450   0.779617
  1500   0.859688
  1550   0.961949
  1600   1.050045
  1650   1.143099
  1700   1.245843
  1750   1.360713
  1800   1.497789
  1850   1.613218
  1900   1.739166
  1950   1.878119
  2000   2.042578
